function basicSC = psBasicSC()
%basicSC = psBasicSC()
%returns some basic color in a cell

  basicSC{1} = [0,0,0]; %black
  basicSC{2} = [255,0,0]/255; %red
  basicSC{3} = [0,255,0]/255; %lime
  basicSC{4} = [0,0,255]/255; %blue  
  basicSC{5} = [0,255,255]/255; %cyan
  basicSC{6} = [255,0,255]/255; %magenta
  basicSC{7} = [128,0,0]/255; %maroon
  basicSC{8} = [0,128,0]/255; %green
  basicSC{9} = [0,0,128]/255; %navy  
  basicSC{10} = [0,128,128]/255; %teal
  basicSC{11} = [128,0,128]/255; %purple
  basicSC{12} = [128,128,0]/255; %oliver
  basicSC{13} = [192,192,192]/255; %silver
  basicSC{14} = [128,128,128]/255; %gray
  basicSC{15} = [255,255,0]/255; %yellow
    
  basicSC{16} = [192,0,0]/255; 
  basicSC{17} = [0,192,0]/255; 
  basicSC{18} = [0,0,192]/255; 
  basicSC{19} = [192,192,0]/255; 
  basicSC{20} = [0,192,192]/255; 
  
end